|3|1|3|1
|3|0|3|1
|3|5|3|1
|3|3|3|1
|3|4|4|1
|3|2|4|1
|2|5|2|2
|2|1|3|2
|2|0|3|2
|2|2|3|2
|2|4|4|2
|2|3|4|2
|2|5|2|3
|2|1|3|3
|2|3|3|3
|2|2|3|3
|2|4|3|3
|2|0|3|3
|4|5|4|4
|4|2|4|4
|4|0|4|4
|4|3|4|4
|4|4|4|4
|4|1|5|4
|1|4|5|5
|1|3|7|5
|1|2|7|5
|1|5|7|5
|1|1|5|5
|1|0|7|5
|4|5|1|6
|4|3|1|6
|4|1|1|6
|4|4|1|6
|4|2|1|6
|4|0|1|6
|1|4|1|7
|1|3|2|7
|1|2|1|7
|1|0|2|7
|1|1|2|7
|1|5|2|7
|4|4|1|8
|4|2|1|8
|4|0|1|8
|4|1|1|8
|4|3|1|8
|4|5|2|8
|4|1|3|9
|4|5|5|9
|4|2|5|9
|4|0|5|9
|4|3|6|9
|3|4|4|9
|3|4|3|10
|3|2|4|10
|3|3|4|10
|3|1|4|10
|3|5|4|10
|3|0|4|10
|4|0|2|11
|4|5|2|11
|4|2|5|11
|4|1|5|11
|4|3|5|11
|4|4|5|11
|1|2|2|12
|1|1|2|12
|1|3|2|12
|1|4|2|12
|1|0|2|12
|1|5|3|12
|4|5|1|13
|4|3|4|13
|4|4|4|13
|4|2|4|13
|4|1|4|13
|4|0|4|13
|1|2|4|14
|1|4|4|14
|1|3|4|14
|1|1|4|14
|1|0|4|14
|1|5|4|14
|4|2|5|15
|4|3|6|15
|4|1|6|15
|4|0|6|15
|4|4|6|15
|4|5|6|15
|4|2|1|16
|4|3|1|16
|4|1|1|16
|4|4|1|16
|4|5|1|16
|4|0|2|16
|1|2|4|17
|1|1|6|17
|1|4|6|17
|1|3|6|17
|1|0|6|17
|1|5|5|17
|3|0|3|18
|3|1|3|18
|3|3|3|18
|1|5|1|18
|3|4|3|18
|3|2|3|18
|3|3|2|19
|3|2|2|19
|3|4|2|19
|3|0|2|19
|3|1|3|19
|3|5|3|19
|2|2|1|20
|2|3|1|20
|2|0|1|20
|2|1|1|20
|2|4|2|20
|2|5|1|20
|3|2|4|21
|3|1|4|21
|3|0|4|21
|3|4|4|21
|2|5|3|21
|3|3|5|21
|3|4|1|22
|3|5|2|22
|3|0|2|22
|3|3|2|22
|3|2|2|22
|3|1|2|22
|3|3|4|23
|3|5|4|23
|3|4|4|23
|3|0|4|23
|1|2|1|23
|3|1|5|23
|2|4|4|24
|2|2|4|24
|2|0|4|24
|2|3|4|24
|3|1|3|24
|2|5|5|24
|2|0|3|25
|2|2|3|25
|2|3|3|25
|2|4|3|25
|2|5|3|25
|2|1|4|25
|3|2|1|26
|3|1|3|26
|3|0|3|26
|3|4|3|26
|3|3|3|26
|3|5|3|26
|1|5|2|27
|1|4|3|27
|1|1|3|27
|1|0|3|27
|1|3|4|27
|2|2|3|27
|2|4|1|28
|2|1|1|28
|2|0|1|28
|2|5|1|28
|2|3|1|28
|2|2|1|28
|4|3|1|29
|4|0|3|29
|4|1|3|29
|4|2|1|29
|4|4|3|29
|4|5|3|29
|4|1|2|30
|4|2|2|30
|4|3|2|30
|4|5|2|30
|4|0|3|30
|4|4|3|30
|1|1|2|31
|1|0|2|31
|1|4|3|31
|1|2|3|31
|1|5|3|31
|1|3|3|31
|3|1|1|32
|3|4|1|32
|3|0|1|32
|3|2|1|32
|3|5|1|32
|3|3|1|32
|4|5|2|33
|4|0|4|33
|4|4|4|33
|4|1|4|33
|4|2|4|33
|4|3|4|33
|1|1|4|34
|1|2|4|34
|1|4|4|34
|1|5|4|34
|1|0|4|34
|1|3|5|34
|2|4|1|35
|2|3|1|35
|2|2|1|35
|2|1|1|35
|2|5|2|35
|2|0|2|35
|3|1|5|36
|3|2|5|36
|3|5|5|36
|3|4|5|36
|3|0|2|36
|1|3|3|36
|4|2|3|37
|4|1|3|37
|4|5|3|37
|4|4|3|37
|4|0|3|37
|4|3|3|37
|1|1|5|38
|1|0|5|38
|1|4|5|38
|1|3|5|38
|1|2|6|38
|1|5|5|38
|4|2|4|39
|4|4|5|39
|4|0|5|39
|4|1|5|39
|3|3|5|39
|3|5|5|39
|1|0|1|40
|1|1|2|40
|1|3|2|40
|1|4|2|40
|1|2|2|40
|1|5|2|40
|2|2|2|41
|2|4|2|41
|2|1|2|41
|2|0|2|41
|2|3|2|41
|2|5|3|41
|2|1|3|42
|2|4|3|42
|2|3|3|42
|2|0|3|42
|2|2|4|42
|2|5|4|42
|4|1|1|43
|4|2|1|43
|4|0|1|43
|4|3|1|43
|4|4|1|43
|4|5|1|43
|3|0|1|44
|3|4|2|44
|3|3|2|44
|3|1|2|44
|3|2|2|44
|3|5|2|44
|2|1|3|45
|2|3|3|45
|2|0|3|45
|2|4|3|45
|2|2|4|45
|2|5|4|45
|3|1|3|46
|3|3|4|46
|3|0|4|46
|3|2|4|46
|3|5|4|46
|3|4|5|46
|4|1|1|47
|4|0|1|47
|4|2|1|47
|4|3|1|47
|4|5|1|47
|4|4|1|47
|2|0|5|48
|2|5|6|48
|2|4|6|48
|1|1|3|48
|2|3|6|48
|2|2|5|48
|1|2|4|49
|1|0|8|49
|1|3|8|49
|1|5|8|49
|1|4|8|49
|1|1|9|49
|1|0|1|50
|1|3|1|50
|1|4|1|50
|1|5|1|50
|1|2|2|50
|1|1|2|50
|2|5|3|51
|2|2|4|51
|2|3|4|51
|2|4|4|51
|2|0|4|51
|2|1|4|51
|1|0|1|52
|1|2|2|52
|1|4|2|52
|1|3|2|52
|2|5|2|52
|1|1|3|52
|4|5|4|53
|4|4|4|53
|4|3|4|53
|4|0|4|53
|2|1|3|53
|2|2|3|53
|3|0|2|54
|3|3|2|54
|3|5|2|54
|3|4|2|54
|3|1|2|54
|3|2|3|54
|1|1|1|55
|1|5|6|55
|1|3|6|55
|1|4|6|55
|1|0|6|55
|1|2|6|55
|2|2|1|56
|2|1|3|56
|2|4|3|56
|2|5|3|56
|2|3|3|56
|2|0|3|56
|3|4|2|57
|3|1|4|57
|3|3|4|57
|3|0|4|57
|3|2|4|57
|3|5|3|57
|4|1|1|58
|4|4|1|58
|4|3|1|58
|4|2|1|58
|4|0|2|58
|4|5|2|58
|3|1|1|59
|3|0|2|59
|3|3|2|59
|3|4|2|59
|3|2|2|59
|3|5|2|59
|1|2|1|60
|1|1|1|60
|1|3|1|60
|1|4|2|60
|1|0|2|60
|1|5|1|60
|4|3|3|61
|4|4|5|61
|4|1|5|61
|4|2|5|61
|4|0|5|61
|4|5|5|61
|3|1|2|62
|3|2|2|62
|3|3|2|62
|3|0|2|62
|3|4|2|62
|3|5|3|62
|2|0|4|63
|2|4|4|63
|2|1|4|63
|2|3|4|63
|2|2|4|63
|2|5|3|63
|2|3|3|64
|1|2|4|64
|2|1|4|64
|2|0|4|64
|2|4|4|64
|4|5|1|64
|3|3|1|65
|3|1|1|65
|3|4|1|65
|3|2|1|65
|3|0|2|65
|3|5|2|65
|2|5|4|66
|2|4|4|66
|2|0|4|66
|2|1|4|66
|2|3|4|66
|2|2|5|66
|2|1|1|67
|2|3|2|67
|2|0|2|67
|2|4|2|67
|2|5|2|67
|2|2|2|67
|3|2|3|68
|3|3|8|68
|3|5|7|68
|3|1|8|68
|3|0|8|68
|3|4|8|68
|3|3|3|69
|3|0|3|69
|3|5|3|69
|3|1|3|69
|3|4|3|69
|3|2|3|69
|3|1|3|70
|3|3|4|70
|3|2|4|70
|3|0|4|70
|3|4|4|70
|3|5|4|70
|3|0|1|71
|3|2|1|71
|3|5|1|71
|3|1|1|71
|3|4|1|71
|3|3|1|71
|1|1|1|72
|1|4|1|72
|1|3|1|72
|1|5|1|72
|1|0|1|72
|1|2|1|72
|2|2|1|73
|2|0|1|73
|2|1|1|73
|2|3|2|73
|2|5|1|73
|2|4|2|73
|2|1|4|74
|2|3|4|74
|2|5|4|74
|2|2|4|74
|2|0|5|74
|2|4|5|74
|4|2|5|75
|3|4|2|75
|4|0|5|75
|4|3|5|75
|4|1|5|75
|4|5|5|75
|1|4|3|76
|1|2|3|76
|1|0|3|76
|1|5|2|76
|1|3|4|76
|1|1|3|76
|3|2|1|77
|3|0|3|77
|3|3|3|77
|3|5|3|77
|3|1|3|77
|3|4|3|77
|2|5|2|78
|2|4|3|78
|2|1|2|78
|2|2|2|78
|2|0|2|78
|2|3|2|78
|3|4|1|79
|3|1|1|79
|3|2|1|79
|3|0|1|79
|3|5|1|79
|3|3|1|79
|2|0|5|80
|2|2|5|80
|2|1|5|80
|1|5|3|80
|1|4|3|80
|2|3|5|80
|2|4|5|81
|2|5|5|81
|2|0|5|81
|2|1|5|81
|2|3|6|81
|3|2|3|81
|4|2|16|82
|4|0|16|82
|4|1|16|82
|4|3|16|82
|1|4|15|82
|4|5|17|82
|4|1|2|83
|4|5|4|83
|4|0|4|83
|4|2|4|83
|4|3|4|83
|4|4|4|83
|2|2|1|84
|2|3|3|84
|2|4|3|84
|2|1|3|84
|4|5|3|84
|4|0|3|84
|2|3|1|85
|2|1|1|85
|2|4|1|85
|2|5|1|85
|2|2|2|85
|2|0|1|85
|1|0|2|86
|1|2|2|86
|1|5|2|86
|1|1|2|86
|1|4|3|86
|1|3|3|86
|4|2|1|87
|4|5|1|87
|4|0|1|87
|4|1|1|87
|4|4|2|87
|4|3|2|87
|2|3|2|88
|2|4|2|88
|2|1|3|88
|2|2|2|88
|2|5|3|88
|2|0|3|88
|3|2|3|89
|3|3|5|89
|3|4|5|89
|3|1|5|89
|3|5|6|89
|3|0|5|89
|4|2|9|90
|4|5|9|90
|4|4|9|90
|4|1|9|90
|4|3|10|90
|4|0|10|90
|3|0|3|91
|3|3|3|91
|3|1|3|91
|3|4|3|91
|3|5|3|91
|3|2|3|91
|3|5|3|92
|3|2|6|92
|3|3|5|92
|3|1|5|92
|3|4|6|92
|3|0|5|92
|4|2|3|93
|4|5|4|93
|4|1|3|93
|4|4|4|93
|4|3|4|93
|4|0|2|93
|3|0|3|94
|3|3|3|94
|3|1|3|94
|3|5|3|94
|3|4|3|94
|3|2|4|94
|4|0|2|95
|4|5|2|95
|4|1|2|95
|4|4|2|95
|4|3|2|95
|4|2|2|95
|1|2|4|96
|1|5|4|96
|1|3|4|96
|1|4|4|96
|1|0|1|96
|1|1|4|96
|2|5|3|97
|2|1|4|97
|2|4|4|97
|2|3|4|97
|2|2|5|97
|2|0|2|97
|1|0|1|98
|1|3|1|98
|1|5|1|98
|1|1|1|98
|1|4|1|98
|1|2|1|98
|1|3|4|99
|3|4|5|99
|3|0|5|99
|3|5|5|99
|3|2|5|99
|3|1|5|99
|4|3|1|100
|4|2|1|100
|4|1|1|100
|4|4|1|100
|4|0|1|100
|4|5|2|100
|2|2|1|101
|2|1|1|101
|2|5|1|101
|2|4|1|101
|2|3|1|101
|2|0|1|101
|2|2|2|102
|2|5|2|102
|2|1|2|102
|2|4|3|102
|2|3|2|102
|2|0|3|102
|3|2|4|103
|3|4|4|103
|3|5|4|103
|3|1|4|103
|3|3|5|103
|3|0|4|103
|1|2|3|104
|1|4|9|104
|1|3|9|104
|1|1|9|104
|1|5|9|104
|3|0|4|104
|1|0|2|105
|1|2|2|105
|1|5|2|105
|1|1|2|105
|1|3|3|105
|1|4|3|105
|2|1|4|106
|2|0|4|106
|2|5|4|106
|2|4|2|106
|2|2|4|106
|2|3|4|106
|4|4|2|107
|4|5|2|107
|4|1|2|107
|4|2|2|107
|4|3|2|107
|4|0|2|107
|4|4|1|108
|4|5|1|108
|4|2|1|108
|4|3|2|108
|4|1|1|108
|4|0|2|108
|2|3|5|109
|2|0|5|109
|2|1|5|109
|2|5|5|109
|2|4|5|109
|2|2|5|109
|2|2|5|110
|2|4|5|110
|2|1|5|110
|2|5|5|110
|2|3|5|110
|2|0|3|110
|3|0|6|111
|3|1|6|111
|3|3|6|111
|3|5|6|111
|3|2|6|111
|3|4|7|111
|3|0|4|112
|3|5|4|112
|3|1|4|112
|3|2|5|112
|3|3|4|112
|3|4|4|112
|3|2|1|113
|3|5|1|113
|3|3|1|113
|3|1|1|113
|3|0|2|113
|3|4|1|113
|4|4|1|114
|4|5|3|114
|4|1|2|114
|4|3|2|114
|4|2|2|114
|4|0|3|114
|2|4|1|115
|2|5|1|115
|2|3|1|115
|2|1|1|115
|2|0|2|115
|2|2|2|115
|1|2|5|116
|1|5|6|116
|1|1|6|116
|1|3|6|116
|1|0|6|116
|1|4|6|116
|3|0|1|117
|3|2|2|117
|3|1|2|117
|3|3|2|117
|3|5|3|117
|3|4|1|117
|2|0|1|118
|2|2|5|118
|2|3|5|118
|2|4|5|118
|2|5|5|118
|2|1|6|118
|4|0|4|119
|4|2|4|119
|4|5|4|119
|4|1|4|119
|4|4|5|119
|2|3|3|119
|2|0|1|120
|2|5|3|120
|2|3|3|120
|2|4|3|120
|2|2|3|120
|2|1|3|120
|4|2|5|121
|4|0|5|121
|4|5|5|121
|4|3|5|121
|4|1|5|121
|4|4|5|121
|3|0|1|122
|3|2|1|122
|3|5|1|122
|3|1|1|122
|3|4|1|122
|3|3|2|122
|3|0|2|123
|3|3|4|123
|3|2|4|123
|3|4|4|123
|3|1|4|123
|3|5|4|123
|1|2|1|124
|1|0|1|124
|1|3|1|124
|1|4|1|124
|1|5|1|124
|1|1|2|124
|4|1|1|125
|4|2|1|125
|4|5|1|125
|4|3|1|125
|4|0|2|125
|4|4|2|125
|3|0|1|126
|3|1|1|126
|3|4|2|126
|3|5|2|126
|3|3|2|126
|3|2|2|126
|1|0|4|127
|1|1|5|127
|1|4|5|127
|1|5|5|127
|2|2|2|127
|1|3|5|127
|2|2|1|128
|2|0|1|128
|2|5|1|128
|2|3|1|128
|2|1|1|128
|2|4|1|128
|3|1|4|129
|3|2|5|129
|2|5|5|129
|3|0|5|129
|3|3|5|129
|2|4|3|129
|1|4|2|130
|1|1|4|130
|1|0|4|130
|1|5|4|130
|1|3|4|130
|1|2|4|130
|2|0|1|131
|2|4|1|131
|2|5|1|131
|2|1|1|131
|2|3|1|131
|2|2|1|131
|2|0|1|132
|2|5|1|132
|2|4|1|132
|2|1|1|132
|2|3|2|132
|2|2|2|132
|4|3|1|133
|4|2|1|133
|4|1|1|133
|4|0|1|133
|4|4|1|133
|4|5|1|133
|1|1|1|134
|1|3|1|134
|1|2|1|134
|1|0|2|134
|1|4|1|134
|1|5|1|134
|2|1|4|135
|2|0|6|135
|2|5|6|135
|2|3|6|135
|2|2|6|135
|2|4|6|135
|3|1|5|136
|3|5|5|136
|3|0|5|136
|3|3|3|136
|3|2|5|136
|3|4|5|136
|4|0|3|137
|4|2|3|137
|4|5|3|137
|4|4|4|137
|4|3|3|137
|4|1|4|137
|4|5|4|138
|4|2|4|138
|4|4|4|138
|4|3|5|138
|4|1|5|138
|4|0|4|138
|3|4|3|139
|3|1|6|139
|3|3|6|139
|3|0|6|139
|2|2|4|139
|3|5|6|139
|1|0|1|140
|1|4|1|140
|1|2|1|140
|1|5|1|140
|1|3|1|140
|1|1|1|140
|4|5|3|141
|4|4|3|141
|4|0|3|141
|4|2|3|141
|4|1|1|141
|4|3|4|141
|2|5|4|142
|2|1|4|142
|2|0|4|142
|2|2|4|142
|2|4|4|142
|2|3|4|142
|1|5|1|143
|1|4|3|143
|1|0|3|143
|1|3|3|143
|1|2|3|143
|1|1|3|143
|2|4|1|144
|2|3|4|144
|2|2|4|144
|2|5|4|144
|2|0|4|144
|2|1|4|144
|3|1|2|145
|3|4|4|145
|3|0|3|145
|3|5|4|145
|3|3|4|145
|3|2|4|145
|4|0|1|146
|4|3|1|146
|4|4|1|146
|4|2|1|146
|4|1|2|146
|4|5|2|146
|1|5|8|147
|1|4|8|147
|1|2|8|147
|1|1|8|147
|1|3|8|147
|1|0|8|147
|3|0|4|148
|3|2|4|148
|3|1|4|148
|3|3|4|148
|3|4|5|148
|3|5|5|148
|4|4|1|149
|4|5|2|149
|4|0|2|149
|4|1|3|149
|4|2|2|149
|4|3|3|149
|1|1|1|150
|1|4|1|150
|1|0|1|150
|1|2|1|150
|1|5|1|150
|1|3|1|150
|2|0|3|151
|2|5|3|151
|2|4|4|151
|2|1|4|151
|2|2|4|151
|2|3|3|151
|3|3|3|152
|3|0|3|152
|3|2|3|152
|3|1|3|152
|3|5|3|152
|3|4|3|152
|4|0|1|153
|4|2|2|153
|4|3|2|153
|4|5|2|153
|4|4|2|153
|4|1|2|153
|4|0|1|154
|4|2|1|154
|4|5|2|154
|4|4|2|154
|4|1|2|154
|4|3|2|154
|2|4|1|155
|2|5|1|155
|2|0|1|155
|2|1|1|155
|2|2|1|155
|2|3|2|155
|3|5|3|156
|3|4|3|156
|3|0|3|156
|3|1|3|156
|3|2|4|156
|3|3|4|156
|1|0|3|157
|1|5|3|157
|1|1|3|157
|1|3|4|157
|1|4|3|157
|1|2|3|157
|3|4|1|158
|3|2|1|158
|3|3|2|158
|3|5|2|158
|3|0|2|158
|3|1|2|158
|4|2|1|159
|4|4|1|159
|4|3|1|159
|4|5|1|159
|4|0|2|159
|4|1|1|159
|2|3|5|160
|2|0|6|160
|2|2|6|160
|2|5|6|160
|2|4|6|160
|2|1|6|160
|4|1|1|161
|4|4|1|161
|4|3|1|161
|4|5|1|161
|4|2|2|161
|4|0|2|161
|2|1|5|162
|2|3|5|162
|2|5|5|162
|2|4|5|162
|2|2|5|162
|2|0|6|162
|2|3|4|163
|2|1|4|163
|2|5|4|163
|2|4|4|163
|2|0|5|163
|2|2|5|163
|3|0|2|164
|3|5|2|164
|3|2|2|164
|3|4|2|164
|3|3|3|164
|3|1|3|164
|3|0|1|165
|3|2|1|165
|3|3|1|165
|3|5|1|165
|3|1|1|165
|3|4|1|165
|4|1|8|166
|4|5|8|166
|4|3|8|166
|4|4|8|166
|3|2|1|166
|4|0|5|166
|3|0|2|167
|3|2|1|167
|3|3|8|167
|3|1|8|167
|3|5|8|167
|3|4|8|167
|1|1|1|168
|1|0|3|168
|1|2|3|168
|4|4|3|168
|1|5|4|168
|1|3|3|168
|3|5|2|169
|3|4|2|169
|3|1|2|169
|3|2|2|169
|3|3|3|169
|3|0|2|169
|2|5|3|170
|2|4|3|170
|2|1|3|170
|2|2|3|170
|2|3|4|170
|2|0|3|170
|2|0|6|171
|2|3|6|171
|2|1|6|171
|2|2|6|171
|2|5|7|171
|2|4|6|171
|4|0|1|172
|4|2|1|172
|4|1|1|172
|4|3|1|172
|4|5|1|172
|4|4|2|172
|4|5|1|173
|4|4|1|173
|4|2|1|173
|4|3|1|173
|4|1|1|173
|4|0|1|173
|3|5|11|174
|3|4|11|174
|3|3|11|174
|3|1|11|174
|3|2|11|174
|3|0|11|174
|2|2|2|175
|2|1|2|175
|2|5|2|175
|2|3|2|175
|2|4|2|175
|2|0|2|175
|4|2|7|176
|4|3|7|176
|4|1|7|176
|4|5|7|176
|4|0|8|176
|4|4|7|176
|2|0|1|177
|2|5|1|177
|2|1|1|177
|2|3|1|177
|2|2|1|177
|2|4|1|177
|4|0|9|178
|4|1|9|178
|4|2|9|178
|4|3|9|178
|1|4|3|178
|4|5|10|178
|3|2|2|179
|3|4|5|179
|3|3|5|179
|3|5|5|179
|3|1|5|179
|3|0|5|179
|2|4|2|180
|2|1|2|180
|2|3|2|180
|2|2|3|180
|2|5|2|180
|2|0|3|180
|2|0|5|181
|2|1|5|181
|2|5|5|181
|2|2|5|181
|4|3|3|181
|4|4|3|181
|4|5|5|182
|4|2|5|182
|4|1|4|182
|4|3|5|182
|4|0|5|182
|4|4|5|182
|3|4|1|183
|3|3|1|183
|3|0|2|183
|3|5|1|183
|3|1|1|183
|3|2|2|183
|3|2|3|184
|3|1|3|184
|3|3|3|184
|3|5|4|184
|3|0|3|184
|3|4|3|184
|2|5|2|185
|2|2|3|185
|2|0|3|185
|2|1|3|185
|2|3|3|185
|2|4|4|185
|1|3|3|186
|1|4|5|186
|1|0|5|186
|1|1|5|186
|1|5|5|186
|1|2|3|186
|3|4|7|187
|3|1|7|187
|3|3|7|187
|2|2|4|187
|3|5|7|187
|3|0|8|187
|1|2|4|188
|1|5|4|188
|1|3|4|188
|1|0|4|188
|1|1|4|188
|1|4|5|188
|1|5|4|189
|1|0|10|189
|1|1|10|189
|1|4|10|189
|1|3|11|189
|1|2|8|189
|3|5|2|190
|3|0|4|190
|3|4|4|190
|3|1|4|190
|3|2|4|190
|3|3|4|190
|3|5|1|191
|3|2|1|191
|3|1|1|191
|3|3|1|191
|3|0|1|191
|3|4|2|191
|1|5|6|192
|1|2|6|192
|1|4|6|192
|2|0|3|192
|1|1|6|192
|1|3|6|192
|2|0|1|193
|2|1|1|193
|2|4|1|193
|2|5|2|193
|2|3|1|193
|2|2|1|193
|2|1|1|194
|2|0|1|194
|2|4|1|194
|2|3|1|194
|2|5|1|194
|2|2|1|194
|4|2|2|195
|4|3|3|195
|4|1|4|195
|4|5|4|195
|4|0|4|195
|4|4|4|195
|3|2|1|196
|3|3|1|196
|3|1|1|196
|3|5|1|196
|3|0|1|196
|3|4|1|196
|4|2|9|197
|4|3|9|197
|4|1|9|197
|4|4|5|197
|4|5|9|197
|4|0|9|197
|2|4|1|198
|2|0|1|198
|2|5|1|198
|2|1|1|198
|2|3|2|198
|2|2|2|198
|1|3|2|199
|1|2|2|199
|1|5|9|199
|1|1|9|199
|1|0|9|199
|1|4|9|199
|2|0|2|200
|2|2|7|200
|2|3|7|200
|2|5|7|200
|2|1|7|200
|2|4|7|200
|4|2|3|201
|4|3|3|201
|4|5|3|201
|4|1|3|201
|4|0|4|201
|4|4|3|201
|4|3|9|202
|4|0|10|202
|4|5|10|202
|4|1|10|202
|4|2|10|202
|2|4|4|202
